100
5
1 2 3 4 5
3
3 5 6
2
5 6
2
5 5
15
328701 983214 959248 918325 789906 875067 403 626990 247643 730445 432390 560089 542776 576162 267825
15
827342 981547 345548 806102 889265 392071 123458 497388 764657 524196 184465 705471 324532 886241 168494
7
984946 138621 880113 417639 371885 208162 43286
15
999327 939582 611252 236093 507232 649734 295963 986910 84517 234830 203220 167538 63690 239625 943173
15
544949 624810 348103 170145 563699 728105 85076 649347 209924 689990 355342 147570 140222 792177 885893
3
905402 276647 649245
3
300120 559831 794255
6
497690 79964 686847 300019 375623 270796
15
137977 451170 106892 750398 907223 126142 682647 303947 450127 572297 384212 651324 326742 496054 356818
3
357795 110846 312669
7
4185 8975 1564 5292 6099 6313 11932
6
9252 6677 749 6056 5170 9353
11
6783 7088 4471 4916 5311 201 5105 4230 4275 5639 6519
10
2353 9760 6638 6999 7384 266 1762 3786 4394 10616
9
6276 7466 6929 4065 8488 8114 9608 136 2756
4
8616 9446 6684 8018
14
5119 6957 1900 1072 8355 8589 3790 834 2977 9107 2199 7495 3136 13966
6
9490 5064 85 3945 4254 1516
9
7265 7322 3261 1796 4579 7202 2127 8866 11374
6
1458 5526 1539 8956 5902 4146
12
7429 995 3754 3430 8606 2588 1091 4472 3057 6586 3708 1232
15
6935 5680 721 1999 6649 9450 4757 9713 1082 2816 2916 6851 3653 6550 2816
11
7197 1862 1643 4112 4687 4737 9507 1365 6303 5127 8448
6
7599 8217 213 3474 39 12502
12
4045 9722 7754 6623 1108 2974 8137 4759 2281 9 7398 15152
3
5003 7132 2135
3
9209 3908 11453
5
3431 1167 7806 1566 4488
12
9813 219 7102 3184 139 5587 4078 4522 1785 1456 1241 15820
3
9050 6670 14676
12
8215 8740 7643 7371 4496 8402 8627 6754 9408 8048 2070 9828
4
6852 9783 7261 8366
6
3589 7515 1222 7550 2294 528
15
8315 7851 8382 5229 8971 6163 4672 7581 7821 6489 3526 5250 1597 4089 10642
12
5181 4840 8600 5531 5404 1266 7848 8623 9859 7627 470 9889
5
6445 1779 5459 9490 12191
7
8154 4049 7511 2207 8958 4464 435
7
2251 6205 2294 5005 7692 5252 261
11
6076 6217 4386 4231 8503 3722 4132 9808 7879 1253 3515
8
7096 5184 3295 3044 5157 9348 1958 1720
8
3961 5806 4367 610 5565 4334 7309 2337
10
9915 6852 6490 8728 756 8921 9350 2270 1081 3953
14
5799 3645 9271 8481 948 2041 7908 2945 9550 4691 8570 1271 390 4267
11
552 9184 9265 1359 6728 9613 2399 7163 3552 329 1926
4
7417 3620 1243 5638
11
3239 9993 6974 2968 4180 6334 2307 9813 5844 3624 1096
5
7867 6663 4160 3274 8194
10
7945 7675 7329 2414 1006 7353 8549 7037 3489 976
10
283 9126 1669 7431 5425 1991 1154 6238 810 13375
7
3876 9668 6537 8183 9015 2984 1025
9
5104 7198 5923 7378 7144 1297 9063 4746 2998
9
2706 3051 6254 8236 5644 7434 3464 8117 8192
10
3976 6848 5972 9722 9785 872 1910 1198 4805 9019
8
2917 9821 3494 8654 8472 2070 6147 12381
7
6211 8113 3162 2361 9057 7544 6850
6
4495 3097 3145 9153 6045 9603
12
2769 367 6071 4158 4595 9189 1143 9601 3858 3027 3605 9934
3
6646 745 6943
11
5511 8553 814 9890 1894 9168 5348 9290 5971 700 4245
15
5819 1578 9652 7319 7995 9117 7156 7984 4806 4815 9109 2378 9698 5384 3052
11
4613 4249 2547 11 2716 4731 8339 7433 9965 5505 7541
9
3619 797 9479 2694 5999 3724 569 3729 14324
9
7912 959 3123 5443 9013 5183 8974 9104 13235
3
5995 9097 13538
8
8845 9773 2891 506 4417 6188 7254 6954
8
9028 735 5203 2083 3715 9944 5205 485
10
2194 7845 2074 3849 7129 649 6159 2910 7143 194
9
4890 5372 9899 1566 8278 3141 1929 5382 6607
3
1672 5375 4727
12
477 6197 9503 8502 8608 5561 1927 9120 6713 220 705 5595
3
2833 2261 964
6
9078 1358 9293 7206 6149 1622
3
4732 75 4663
3
1272 6403 404
6
619 1016 6983 9252 3943 5779
13
3899 1522 466 7362 1405 5740 4937 9968 9239 3794 6585 8757 8248
5
2452 7639 8281 259 13593
9
5526 6220 3953 1137 2410 950 161 5439 6552
4
9535 6092 3338 16377
5
8779 9077 6925 2885 4470
10
6069 9928 9305 4552 6329 1989 968 3035 5058 4073
5
5229 2059 3290 8307 12495
3
2738 8867 10257
15
7803 5495 5069 4904 132 8293 9734 3722 2614 8935 178 9516 1375 4364 6808
12
1328 8432 1944 8944 6510 73 2429 1707 330 1247 5569 1549
4
8004 7140 7992 7064
8
1155 9589 1179 8812 242 6147 266 7930
12
7069 9506 5817 877 194 2588 9995 5813 4945 7433 4328 4907
14
8599 2070 8419 9078 6090 325 1662 1777 5588 958 3515 95 8694 1606
13
7499 4958 9301 5068 3653 5808 5132 8691 7946 496 7236 3871 6439
7
4179 5796 2873 8078 1187 8251 14040
14
8806 1625 770 8969 733 39 3633 7315 8523 7643 2626 2234 4168 14924
3
1894 5623 4753
5
3305 9089 176 1050 310
13
8945 687 33 2811 8945 6853 9234 9967 9425 6217 1911 6658 12704
5
9326 7723 3765 3834 5541
